0 3 0 4 0 9 0 0 7
0 0 0 0 0 1 0 9 2
2 0 0 0 0 0 0 0 0
4 0 2 0 1 5 0 8 0
0 1 0 0 7 0 3 0 0
3 0 0 2 4 0 0 7 0
0 0 7 0 0 0 9 0 0
5 0 0 0 0 0 0 0 8
0 0 1 0 5 0 0 3 0


. 3 . 4 . 9 . . 7
. . . . . 1 . 9 2
2 . . . . . . . .
4 . 2 . 1 5 . 8 .
. 1 . . 7 . 3 . .
3 . . 2 4 . . 7 .
. . 7 . . . 9 . .
5 . . . . . . . 8
. . 1 . 5 . . 3 .



1 3 6 4 2 9 8 5 7
7 5 8 6 3 1 4 9 2
2 9 4 5 8 7 1 6 3
4 7 2 3 1 5 6 8 9
6 1 5 9 7 8 3 2 4
3 8 9 2 4 6 5 7 1
8 2 7 1 6 3 9 4 5
5 6 3 7 9 4 2 1 8
9 4 1 8 5 2 7 3 6

0 0 0 0 0 0 0 0 0
0 0 0 0 0 0 0 0 0
0 0 0 0 0 0 0 0 0
0 0 0 0 0 0 0 0 0
0 0 0 0 0 0 0 0 0
0 0 0 0 0 0 0 0 0
0 0 0 0 0 0 0 0 0
0 0 0 0 0 0 0 0 0
0 0 0 0 0 0 0 0 0


generate example
3 0 2 0 0 5 6 9 0
0 4 0 0 9 6 0 3 0
0 5 0 0 0 8 0 0 0
1 9 0 0 8 0 7 0 3
0 0 0 0 0 0 0 0 0
5 0 7 0 3 0 0 6 1
0 0 0 8 0 0 0 2 0
0 8 0 9 6 0 0 7 0
0 6 5 7 0 0 3 0 9